Dependence of N on q and P

+-------++--------+--------+--------+--------+--------+--------+--------+--------+--------+--------+
|  q\P  ||  0.9   |  0.91  |  0.92  |  0.93  |  0.94  |  0.95  |  0.96  |  0.97  |  0.98  |  0.99  |
+-------++--------+--------+--------+--------+--------+--------+--------+--------+--------+--------+
|0.005  || 459    | 480    | 504    | 531    | 561    | 598    | 642    | 700    | 780    | 919    |
|0.01   || 229    | 240    | 251    | 265    | 280    | 298    | 320    | 349    | 389    | 458    |
|0.015  || 152    | 159    | 167    | 176    | 186    | 198    | 213    | 232    | 259    | 305    |
|0.02   || 114    | 119    | 125    | 132    | 139    | 148    | 159    | 174    | 194    | 228    |
|0.025  || 91     | 95     | 100    | 105    | 111    | 118    | 127    | 139    | 155    | 182    |
|0.03   || 76     | 79     | 83     | 87     | 92     | 98     | 106    | 115    | 128    | 151    |
|0.035  || 65     | 68     | 71     | 75     | 79     | 84     | 90     | 98     | 110    | 129    |
|0.04   || 56     | 59     | 62     | 65     | 69     | 73     | 79     | 86     | 96     | 113    |
|0.045  || 50     | 52     | 55     | 58     | 61     | 65     | 70     | 76     | 85     | 100    |
|0.05   || 45     | 47     | 49     | 52     | 55     | 58     | 63     | 68     | 76     | 90     |
|0.055  || 41     | 43     | 45     | 47     | 50     | 53     | 57     | 62     | 69     | 81     |
|0.06   || 37     | 39     | 41     | 43     | 45     | 48     | 52     | 57     | 63     | 74     |
|0.065  || 34     | 36     | 38     | 40     | 42     | 45     | 48     | 52     | 58     | 69     |
|0.07   || 32     | 33     | 35     | 37     | 39     | 41     | 44     | 48     | 54     | 63     |
|0.075  || 30     | 31     | 32     | 34     | 36     | 38     | 41     | 45     | 50     | 59     |
|0.08   || 28     | 29     | 30     | 32     | 34     | 36     | 39     | 42     | 47     | 55     |
|0.085  || 26     | 27     | 28     | 30     | 32     | 34     | 36     | 39     | 44     | 52     |
|0.09   || 24     | 26     | 27     | 28     | 30     | 32     | 34     | 37     | 41     | 49     |
|0.095  || 23     | 24     | 25     | 27     | 28     | 30     | 32     | 35     | 39     | 46     |
|0.1    || 22     | 23     | 24     | 25     | 27     | 28     | 31     | 33     | 37     | 44     |
+-------++--------+--------+--------+--------+--------+--------+--------+--------+--------+--------+

Results of searching extremum of function f(x)

+-------++--------+--------+--------+--------+--------+--------+--------+--------+--------+--------+
|  q\P  ||  +0.90 |  +0.91 |  +0.92 |  +0.93 |  +0.94 |  +0.95 |  +0.96 |  +0.97 |  +0.98 |  +0.99 |
+-------++--------+--------+--------+--------+--------+--------+--------+--------+--------+--------+
|+0.0050||+1.8395 |+1.8395 |+1.8396 |+1.8396 |+1.8395 |+1.8395 |+1.8395 |+1.8395 |+1.8400 |+1.8395 |
|+0.0100||+1.8397 |+1.8395 |+1.8454 |+1.8400 |+1.8395 |+1.8395 |+1.8403 |+1.8400 |+1.8398 |+1.8401 |
|+0.0150||+1.8414 |+1.8435 |+1.8412 |+1.8398 |+1.8396 |+1.8396 |+1.8395 |+1.8417 |+1.8401 |+1.8398 |
|+0.0200||+1.8397 |+1.8440 |+1.8405 |+1.8403 |+1.8395 |+1.8426 |+1.8401 |+1.8395 |+1.8413 |+1.8396 |
|+0.0250||+1.8395 |+1.8399 |+1.8407 |+1.8420 |+1.8398 |+1.8422 |+1.8401 |+1.8395 |+1.8398 |+1.8397 |
|+0.0300||+1.8396 |+1.8435 |+1.8395 |+1.8404 |+1.8471 |+1.8395 |+1.8396 |+1.8485 |+1.8396 |+1.8411 |
|+0.0350||+1.8821 |+1.8398 |+1.8497 |+1.8398 |+1.9045 |+1.8399 |+1.8396 |+1.8439 |+1.8405 |+1.8396 |
|+0.0400||+1.8415 |+1.8449 |+1.8410 |+1.8468 |+1.8407 |+1.8414 |+1.8401 |+1.8396 |+1.8412 |+1.8399 |
|+0.0450||+1.8468 |+1.8441 |+1.8396 |+1.8395 |+1.8406 |+1.8450 |+1.8405 |+1.8410 |+1.8398 |+1.8401 |
|+0.0500||+1.8437 |+1.8396 |+1.8480 |+1.8427 |+1.8402 |+1.8395 |+1.9039 |+1.8397 |+1.8395 |+1.8420 |
|+0.0550||+1.8441 |+1.9029 |+1.8402 |+1.8514 |+1.8429 |+1.8396 |+1.8410 |+1.8421 |+1.8400 |+1.8402 |
|+0.0600||+1.8399 |+1.8409 |+1.8401 |+1.8395 |+1.8826 |+1.8565 |+1.8397 |+1.8397 |+1.8720 |+1.8616 |
|+0.0650||+1.9104 |+1.8395 |+1.8395 |+1.9307 |+1.8395 |+1.8399 |+1.8438 |+1.8399 |+1.8397 |+1.8424 |
|+0.0700||+1.9193 |+1.8491 |+1.8428 |+1.8570 |+1.8437 |+1.8402 |+1.8395 |+1.8418 |+1.8478 |+1.8400 |
|+0.0750||+1.8407 |+1.8401 |+1.8429 |+1.8395 |+1.8439 |+1.8570 |+1.8561 |+1.8397 |+1.8424 |+1.8397 |
|+0.0800||+1.8404 |+1.8431 |+1.8752 |+1.8403 |+1.8395 |+1.8424 |+1.9422 |+1.8485 |+1.8395 |+1.8490 |
|+0.0850||+1.8396 |+1.8676 |+2.2594 |+1.8935 |+1.8409 |+1.8569 |+1.8640 |+1.8404 |+1.8399 |+1.8397 |
|+0.0900||+1.8437 |+1.9021 |+1.8450 |+1.8396 |+1.8414 |+1.8515 |+1.8396 |+1.8404 |+1.8413 |+1.8404 |
|+0.0950||+1.8478 |+1.8399 |+1.8474 |+1.8417 |+1.8476 |+1.9530 |+1.8462 |+1.8561 |+1.8399 |+1.8444 |
|+0.1000||+1.8397 |+1.8451 |+1.8613 |+1.8422 |+1.8417 |+1.8399 |+1.8454 |+1.9883 |+1.9599 |+1.8395 |
+-------++--------+--------+--------+--------+--------+--------+--------+--------+--------+--------+

Results of searching extremum of function f(x)*sin(5x)

+-------++--------+--------+--------+--------+--------+--------+--------+--------+--------+--------+
|  q\P  ||  +0.90 |  +0.91 |  +0.92 |  +0.93 |  +0.94 |  +0.95 |  +0.96 |  +0.97 |  +0.98 |  +0.99 |
+-------++--------+--------+--------+--------+--------+--------+--------+--------+--------+--------+
|+0.0050||-38.4230|-38.2783|-38.4238|-38.4068|-38.4227|-38.3780|-38.4112|-38.3971|-38.4239|-38.4235|
|+0.0100||-38.4237|-38.3430|-38.3995|-38.3462|-38.3982|-38.3030|-38.4218|-38.4219|-38.1941|-38.3019|
|+0.0150||-38.4029|-38.3513|-38.3864|-38.3804|-38.4211|-38.3994|-34.8699|-38.1959|-38.3380|-38.3984|
|+0.0200||-38.3869|-35.9570|-38.1393|-38.0228|-38.1941|-38.4236|-38.1977|-38.4032|-38.3246|-37.5493|
|+0.0250||-37.1076|-37.4683|-38.4196|-38.0532|-38.3822|-37.7277|-38.3528|-38.4058|-36.5352|-38.4112|
|+0.0300||-36.8791|-23.3891|-38.0808|-34.8699|-38.2852|-38.3545|-36.6980|-38.1400|-37.6919|-38.3848|
|+0.0350||-37.7267|-35.0142|-38.2480|-38.3612|-37.2580|-34.2403|-38.4161|-38.3768|-38.3613|-38.2425|
|+0.0400||-38.1698|-34.9870|-38.4220|-37.5065|-38.4189|-23.4750|-38.4113|-36.0589|-36.6650|-36.9183|
|+0.0450||-22.6339|-22.6573|-38.4226|-38.4145|-38.4196|-35.9242|-38.2681|-36.0396|-36.6516|-38.3416|
|+0.0500||-27.7035|-30.1004|-27.1592|-35.6146|-27.1705|-38.3308|-38.3929|-38.1410|-34.6289|-36.5742|
|+0.0550||-37.9205|-37.7699|-35.4144|-38.4171|-37.9950|-37.8610|-35.4714|-29.8578|-36.6976|-37.6970|
|+0.0600||-38.3536|-33.3967|-32.1925|-37.7432|-38.3667|-34.2100|-35.6200|-26.4763|-36.3979|-38.3714|
|+0.0650||-38.3689|-25.3288|-38.4239|-31.6036|-15.1224|-38.4234|-38.0163|-37.7297|-38.4193|-38.0693|
|+0.0700||-36.6507|-35.3296|-37.1863|-38.1407|-38.3797|-34.2032|-29.9155|-37.7130|-37.9084|-35.8797|
|+0.0750||-38.4179|-34.8118|-37.1352|-37.2254|-33.4420|-34.8922|-27.6160|-37.9724|-35.7874|-36.5255|
|+0.0800||-20.4148|-36.7703|-37.6222|-37.4242|-37.2058|-36.8611|-37.6353|-38.1225|-38.4227|-38.1909|
|+0.0850||-10.6596|-38.2640|-16.4922|-37.9194|-16.0174|-36.9234|-26.0545|-38.4205|-38.3839|-38.2375|
|+0.0900||-19.9471|-35.6699|-37.3778|-38.3689|-21.9807|-37.8981|-29.8949|-30.4752|-33.8638|-37.6741|
|+0.0950||-23.9165|-10.6754|-37.7606|-38.4063|-38.2658|-38.4154|-22.4908|-34.5265|-38.3989|-38.3798|
|+0.1000||-10.6985|-37.4851|-38.2409|-37.7363|-35.1289|-36.6409|-29.2324|-20.0186|-38.3011|-25.1459|
+-------++--------+--------+--------+--------+--------+--------+--------+--------+--------+--------+