Зависимость N от P и q

+-------++--------+--------+--------+--------+--------+--------+--------+--------+--------+--------+
|  q\P  ||  0.9   |  0.91  |  0.92  |  0.93  |  0.94  |  0.95  |  0.96  |  0.97  |  0.98  |  0.99  |
+-------++--------+--------+--------+--------+--------+--------+--------+--------+--------+--------+
|0.005  || 459    | 480    | 504    | 531    | 561    | 598    | 642    | 700    | 780    | 919    |
|0.01   || 229    | 240    | 251    | 265    | 280    | 298    | 320    | 349    | 389    | 458    |
|0.015  || 152    | 159    | 167    | 176    | 186    | 198    | 213    | 232    | 259    | 305    |
|0.02   || 114    | 119    | 125    | 132    | 139    | 148    | 159    | 174    | 194    | 228    |
|0.025  || 91     | 95     | 100    | 105    | 111    | 118    | 127    | 139    | 155    | 182    |
|0.03   || 76     | 79     | 83     | 87     | 92     | 98     | 106    | 115    | 128    | 151    |
|0.035  || 65     | 68     | 71     | 75     | 79     | 84     | 90     | 98     | 110    | 129    |
|0.04   || 56     | 59     | 62     | 65     | 69     | 73     | 79     | 86     | 96     | 113    |
|0.045  || 50     | 52     | 55     | 58     | 61     | 65     | 70     | 76     | 85     | 100    |
|0.05   || 45     | 47     | 49     | 52     | 55     | 58     | 63     | 68     | 76     | 90     |
|0.055  || 41     | 43     | 45     | 47     | 50     | 53     | 57     | 62     | 69     | 81     |
|0.06   || 37     | 39     | 41     | 43     | 45     | 48     | 52     | 57     | 63     | 74     |
|0.065  || 34     | 36     | 38     | 40     | 42     | 45     | 48     | 52     | 58     | 69     |
|0.07   || 32     | 33     | 35     | 37     | 39     | 41     | 44     | 48     | 54     | 63     |
|0.075  || 30     | 31     | 32     | 34     | 36     | 38     | 41     | 45     | 50     | 59     |
|0.08   || 28     | 29     | 30     | 32     | 34     | 36     | 39     | 42     | 47     | 55     |
|0.085  || 26     | 27     | 28     | 30     | 32     | 34     | 36     | 39     | 44     | 52     |
|0.09   || 24     | 26     | 27     | 28     | 30     | 32     | 34     | 37     | 41     | 49     |
|0.095  || 23     | 24     | 25     | 27     | 28     | 30     | 32     | 35     | 39     | 46     |
|0.1    || 22     | 23     | 24     | 25     | 27     | 28     | 31     | 33     | 37     | 44     |
+-------++--------+--------+--------+--------+--------+--------+--------+--------+--------+--------+

Зависимость f(x) от P и q

+-------++--------+--------+--------+--------+--------+--------+--------+--------+--------+--------+
|  q\P  ||  0.9   |  0.91  |  0.92  |  0.93  |  0.94  |  0.95  |  0.96  |  0.97  |  0.98  |  0.99  |
+-------++--------+--------+--------+--------+--------+--------+--------+--------+--------+--------+
|0.005  ||-3.69851|-3.6985 |-3.6985 |-3.6985 |-3.69849|-3.69851|-3.69851|-3.69846|-3.69851|-3.69851|
|0.01   ||-3.69845|-3.69851|-3.69848|-3.69849|-3.69831|-3.69836|-3.6985 |-3.69841|-3.69844|-3.69851|
|0.015  ||-3.6985 |-3.69797|-3.69847|-3.69848|-3.69755|-3.69825|-3.69848|-3.69784|-3.6985 |-3.69851|
|0.02   ||-3.69789|-3.69851|-3.6985 |-3.6983 |-3.69824|-3.69843|-3.6985 |-3.69837|-3.69851|-3.69851|
|0.025  ||-3.69835|-3.69776|-3.6985 |-3.69794|-3.69841|-3.69712|-3.69772|-3.6974 |-3.6985 |-3.69851|
|0.03   ||-3.6938 |-3.69679|-3.69843|-3.69827|-3.69838|-3.69849|-3.69769|-3.69846|-3.6985 |-3.6984 |
|0.035  ||-3.6985 |-3.69756|-3.69578|-3.6973 |-3.6985 |-3.69789|-3.69734|-3.69851|-3.69841|-3.69806|
|0.04   ||-3.69533|-3.69849|-3.69673|-3.69806|-3.6983 |-3.69594|-3.69819|-3.69829|-3.69823|-3.69851|
|0.045  ||-3.69642|-3.69358|-3.69847|-3.69824|-3.69832|-3.69843|-3.69763|-3.69326|-3.69796|-3.69848|
|0.05   ||-3.69706|-3.69613|-3.69851|-3.69803|-3.69288|-3.69752|-3.69822|-3.69785|-3.69829|-3.69828|
|0.055  ||-3.69786|-3.69833|-3.69773|-3.69763|-3.6984 |-3.69492|-3.69848|-3.69586|-3.69847|-3.69842|
|0.06   ||-3.69671|-3.69765|-3.69435|-3.69726|-3.6984 |-3.69782|-3.69849|-3.69657|-3.69846|-3.69846|
|0.065  ||-3.6983 |-3.69811|-3.69241|-3.69006|-3.69795|-3.69124|-3.69791|-3.6985 |-3.69837|-3.69844|
|0.07   ||-3.65887|-3.69828|-3.69545|-3.6903 |-3.69697|-3.69804|-3.69848|-3.69837|-3.6978 |-3.69851|
|0.075  ||-3.69424|-3.69846|-3.69484|-3.69743|-3.6985 |-3.69806|-3.69752|-3.69842|-3.69263|-3.69543|
|0.08   ||-3.6984 |-3.6908 |-3.69734|-3.69326|-3.69383|-3.69692|-3.69563|-3.66229|-3.69523|-3.69806|
|0.085  ||-3.69768|-3.6985 |-3.6985 |-3.69667|-3.69839|-3.69542|-3.6982 |-3.68821|-3.69732|-3.69846|
|0.09   ||-3.6907 |-3.69844|-3.69724|-3.69206|-3.697  |-3.69301|-3.69799|-3.6985 |-3.6985 |-3.69738|
|0.095  ||-3.6979 |-3.66779|-3.69675|-3.67687|-3.69092|-3.68079|-3.69575|-3.69158|-3.6752 |-3.6957 |
|0.1    ||-3.69829|-3.69795|-3.66902|-3.69523|-3.68303|-3.6805 |-3.69653|-3.69434|-3.69842|-3.69763|
+-------++--------+--------+--------+--------+--------+--------+--------+--------+--------+--------+

Зависимость f2(x) от P и q

+-------++--------+--------+--------+--------+--------+--------+--------+--------+--------+--------+
|  q\P  ||  0.9   |  0.91  |  0.92  |  0.93  |  0.94  |  0.95  |  0.96  |  0.97  |  0.98  |  0.99  |
+-------++--------+--------+--------+--------+--------+--------+--------+--------+--------+--------+
|0.005  ||-3.6008 |-3.6024 |-3.60177|-3.60153|-3.60184|-3.60248|-3.60134|-3.59958|-3.59961|-3.60245|
|0.01   ||-3.60019|-3.60253|-3.55249|-3.60251|-3.59205|-3.60253|-3.60218|-3.60232|-3.59984|-3.60198|
|0.015  ||-3.59745|-3.59845|-3.60253|-3.6025 |-3.59959|-3.60245|-3.60249|-3.60244|-3.59069|-3.60245|
|0.02   ||-3.54376|-3.55001|-3.5601 |-3.5821 |-3.59927|-3.6021 |-3.60142|-3.59591|-3.56137|-3.60023|
|0.025  ||-3.60231|-3.5492 |-3.60191|-3.59148|-3.5837 |-3.59604|-3.58252|-3.56865|-3.57161|-3.60154|
|0.03   ||-3.57319|-3.37868|-3.59867|-3.59766|-3.60253|-3.4863 |-3.60247|-3.59858|-3.60219|-3.6023 |
|0.035  ||-3.26497|-3.32567|-3.59884|-3.55868|-3.59616|-3.55749|-3.59047|-3.59837|-3.58248|-3.60061|
|0.04   ||-3.55403|-3.6021 |-3.59488|-3.60085|-3.56517|-3.59777|-3.6018 |-3.60249|-3.55522|-3.58796|
|0.045  ||-3.31429|-3.60239|-3.58908|-3.59651|-3.58988|-3.55395|-3.56942|-3.59901|-3.6022 |-3.59931|
|0.05   ||-3.47198|-3.5982 |-3.46674|-3.58972|-3.60223|-3.59526|-3.58162|-3.59677|-3.22961|-3.59418|
|0.055  ||-3.5505 |-3.59   |-3.59699|-3.60253|-3.56142|-2.98136|-3.60187|-3.60158|-3.31521|-3.59815|
|0.06   ||-3.11169|-3.60219|-3.55792|-3.59622|-3.60176|-3.58529|-3.58356|-3.32445|-3.6025 |-3.59061|
|0.065  ||-3.58428|-3.54914|-3.60182|-3.59905|-3.59056|-3.57787|-3.53046|-3.58544|-3.30439|-3.43344|
|0.07   ||-3.45358|-3.58538|-3.59629|-3.57209|-3.59574|-3.59946|-3.5881 |-3.58667|-3.60238|-3.39178|
|0.075  ||-3.60181|-3.59957|-3.6005 |-3.24745|-3.38774|-3.59929|-3.58549|-3.57335|-3.54752|-3.60153|
|0.08   ||-3.31766|-3.0405 |-3.59731|-3.4096 |-3.60069|-3.58723|-3.46003|-3.59472|-3.40708|-3.57623|
|0.085  ||-3.58259|-3.57552|-3.30603|-3.49981|-3.32567|-3.21357|-3.5324 |-3.30389|-3.55108|-3.28373|
|0.09   ||-3.26814|-3.26487|-3.59981|-3.57728|-3.56033|-3.51835|-3.59137|-3.57148|-3.58663|-3.60253|
|0.095  ||-3.20838|-3.30392|-3.59788|-3.34737|-3.58985|-3.47954|-3.21154|-3.59415|-3.42122|-3.47281|
|0.1    ||-3.31632|-3.30342|-3.28019|-3.28188|-3.14611|-3.56488|-3.24559|-3.55614|-3.43183|-3.50576|
+-------++--------+--------+--------+--------+--------+--------+--------+--------+--------+--------+

